0.630933 536
1.40555 0
1.40555 536
1.40555 1072
2.27168 0
2.27168 536
2.27168 1072
2.27168 1608
3.13781 536
3.13781 1072
3.13781 1608
3.13781 2144
3.43221 1608
3.43221 2144
3.43221 2680
4.00395 1608
4.00395 2144
4.00395 2680
4.00395 3216
4.28715 2144
4.28715 2680
4.28715 3216
4.28715 3752
4.67595 3216
4.67595 3752
4.67595 4288
4.94795 3216
4.94795 3752
4.94795 4288
4.94795 4824
5.13675 3752
5.13675 4288
5.13675 4824
5.13675 5360
5.32555 4288
5.32555 4824
5.32555 5360
5.32555 5896
5.98635 4824
5.98635 5360
5.98635 5896
5.98635 6432
6.36395 5360
6.36395 5896
6.36395 6432
6.36395 6968
6.64715 5896
6.64715 6432
6.64715 6968
6.64715 7504
6.83595 6432
6.83595 6968
6.83595 7504
6.83595 8040
7.02475 6968
7.02475 7504
7.02475 8040
7.02475 8576
7.31915 8040
7.31915 8576
7.31915 9112
7.87435 8040
7.87435 8576
7.87435 9112
7.87435 9648
8.15755 8576
8.15755 9112
8.15755 9648
8.15755 10184
8.34635 9112
8.34635 9648
8.34635 10184
8.34635 10720
8.62955 9648
8.62955 10184
8.62955 10720
8.62955 11256
8.92395 10720
8.92395 11256
8.92395 11792
9.10368 11256
9.10368 11792
9.19808 11256
9.19808 11792
9.48341 10720
9.48341 11256
9.57781 10720
9.67221 9112
10.0519 8576
10.1463 8040
10.4295 6968
10.5239 5896
10.6183 2680
10.9959 2144
11.0903 1608
11.3735 1072
11.4679 536
11.4679 1072
11.5623 536
11.5623 1072
12.2461 536
12.2461 1072
12.4349 536
12.4349 1072
13.1165 536
13.1165 1072
13.3031 536
13.3031 1072
13.9847 536
13.9847 1072
14.1735 536
14.1735 1072
14.8612 536
14.8612 1072
15.05 536
15.05 1072
15.4969 0
15.4969 536
15.8218 0
15.8218 536
15.8218 1072
16.2106 536
16.2106 1072
16.8879 536
16.8879 1072
17.1823 536
17.1823 1072
17.1823 1608
17.9428 1072
17.9428 1608
18.0484 536
18.0484 1072
18.0484 1608
18.8922 536
18.8922 1072
18.8922 1608
18.8922 2144
19.1866 1608
19.1866 2144
19.7583 1072
19.7583 1608
19.7583 2144
20.0415 1072
20.0415 1608
20.0415 2144
20.6244 1072
20.6244 1608
20.6244 2144
20.9076 1072
20.9076 1608
20.9076 2144
20.9076 2680
21.6628 1608
21.6628 2144
21.6628 2680
21.8516 1608
21.8516 2144
21.8516 2680
22.146 2144
22.146 2680
22.7012 1608
22.7012 2144
22.7012 2680
22.89 1608
22.89 2144
22.89 2680
22.89 3216
23.2788 2680
23.2788 3216
23.834 2144
23.834 2680
23.834 3216
24.0228 2144
24.0228 2680
24.0228 3216
24.3172 2680
24.3172 3216
24.6004 2680
24.6004 3216
25.0612 2144
25.0612 2680
25.0612 3216
25.0612 3752
25.25 2680
25.25 3216
25.25 3752
25.6388 3216
25.6388 3752
25.922 3216
25.922 3752
26.2884 2680
26.2884 3216
26.2884 3752
26.5716 2680
26.5716 3216
26.5716 3752
26.866 3216
26.866 3752
27.1492 3216
27.1492 3752
27.4324 3216
27.4324 3752
27.4324 4288
27.7044 3216
27.7044 3752
27.7044 4288
27.8932 3216
27.8932 3752
27.8932 4288
28.3764 3752
28.3764 4288
28.754 3752
28.754 4288
29.026 3216
29.026 3752
29.026 4288
29.2148 3216
29.2148 3752
29.2148 4288
29.498 3216
29.498 3752
29.498 4288
30.0756 3752
30.0756 4288
30.0756 4824
30.4532 4288
30.4532 4824
30.6308 3752
30.6308 4288
30.6308 4824
30.8196 3752
30.8196 4288
30.8196 4824
31.1028 3752
31.1028 4288
31.1028 4824
31.7636 3752
31.7636 4288
31.7636 4824
32.33 3752
32.33 4288
32.33 4824
32.5188 3752
32.5188 4288
32.5188 4824
32.7076 3752
32.7076 4288
32.7076 4824
33.002 4288
33.002 4824
33.5572 3752
33.5572 4288
33.5572 4824
33.5572 5360
34.1236 4288
34.1236 4824
34.1236 5360
34.3124 4288
34.3124 4824
34.3124 5360
34.5012 4288
34.5012 4824
34.5012 5360
34.89 4824
34.89 5360
35.3508 4288
35.3508 4824
35.3508 5360
35.6452 4824
35.6452 5360
36.0116 4288
36.0116 4824
36.0116 5360
36.2948 4288
36.2948 4824
36.2948 5360
36.4836 4288
36.4836 4824
36.4836 5360
37.2388 4288
37.2388 4824
37.2388 5360
37.5332 4824
37.5332 5360
37.5332 5896
37.8052 4824
37.8052 5360
37.8052 5896
38.0884 4824
38.0884 5360
38.0884 5896
38.3716 4824
38.3716 5360
38.3716 5896
38.9492 5360
38.9492 5896
39.2212 4824
39.2212 5360
39.2212 5896
39.5988 4824
39.5988 5360
39.5988 5896
39.8932 5360
39.8932 5896
40.1652 4824
40.1652 5360
40.1652 5896
40.5428 4824
40.5428 5360
40.5428 5896
40.8372 5360
40.8372 5896
41.1092 4824
41.1092 5360
41.1092 5896
41.1092 6432
41.4036 5896
41.4036 6432
41.5812 5360
41.5812 5896
41.5812 6432
42.0532 5360
42.0532 5896
42.0532 6432
42.3476 5896
42.3476 6432
42.5252 5360
42.5252 5896
42.5252 6432
42.9972 5360
42.9972 5896
42.9972 6432
43.2916 5896
43.2916 6432
43.5636 5360
43.5636 5896
43.5636 6432
43.9412 5360
43.9412 5896
43.9412 6432
44.2356 5896
44.2356 6432
44.5076 5360
44.5076 5896
44.5076 6432
44.8852 5360
44.8852 5896
44.8852 6432
45.1796 5896
45.1796 6432
45.1796 6968
45.4516 5896
45.4516 6432
45.4516 6968
45.746 6432
45.746 6968
45.9236 5896
45.9236 6432
45.9236 6968
46.3956 5896
46.3956 6432
46.3956 6968
46.69 6432
46.69 6968
46.8676 5896
46.8676 6432
46.8676 6968
47.3396 5896
47.3396 6432
47.3396 6968
47.634 6432
47.634 6968
47.906 5896
47.906 6432
47.906 6968
48.1914 6432
48.1914 6968
48.2858 6432
48.2858 6968
48.3802 5896
48.3802 6432
48.7578 5896
48.8522 5360
48.9466 4824
49.041 4288
49.1354 3752
49.2298 3216
49.3242 2680
49.4186 2144
49.513 1608
49.6074 1072
49.7018 536
49.7018 1072
49.794 536
49.794 1072
50.5679 0
50.5679 536
50.5679 1072
51.434 0
51.434 536
51.434 1072
52.3039 0
52.3039 536
52.3039 1072
52.3039 1608
53.2644 536
53.2644 1072
53.2644 1608
53.6532 1072
53.6532 1608
54.1306 536
54.1306 1072
54.1306 1608
54.1306 2144
54.7082 1608
54.7082 2144
54.9967 1072
54.9967 1608
54.9967 2144
55.2911 1608
55.2911 2144
55.7717 1072
55.7717 1608
55.7717 2144
56.0628 1608
56.0628 2144
56.0628 2680
56.346 2144
56.346 2680
56.7236 1608
56.7236 2144
56.7236 2680
56.929 1608
56.929 2144
56.929 2680
57.4122 2144
57.4122 2680
57.7786 1608
57.7786 2144
57.7786 2680
57.7786 3216
57.9674 2144
57.9674 2680
57.9674 3216
58.545 2680
58.545 3216
58.817 2144
58.817 2680
58.817 3216
59.0058 2144
59.0058 2680
59.0058 3216
59.3002 2680
59.3002 3216
59.8666 2680
59.8666 3216
59.8666 3752
60.0442 2680
60.0442 3216
60.0442 3752
60.233 2680
60.233 3216
60.233 3752
60.6218 3216
60.6218 3752
61.0826 2680
61.0826 3216
61.0826 3752
61.3658 2680
61.3658 3216
61.3658 3752
61.5546 2680
61.5546 3216
61.5546 3752
62.0378 3216
62.0378 3752
62.4986 2680
62.4986 3216
62.4986 3752
62.4986 4288
62.6874 3216
62.6874 3752
62.6874 4288
62.9706 3216
62.9706 3752
62.9706 4288
63.5482 3752
63.5482 4288
63.9146 3216
63.9146 3752
63.9146 4288
64.1034 3216
64.1034 3752
64.1034 4288
64.2922 3216
64.2922 3752
64.2922 4288
64.681 3752
64.681 4288
65.2474 3752
65.2474 4288
65.2474 4824
65.425 3752
65.425 4288
65.425 4824
65.7082 3752
65.7082 4288
65.7082 4824
65.897 3752
65.897 4288
65.897 4824
66.3802 4288
66.3802 4824
66.9354 3752
66.9354 4288
66.9354 4824
67.1242 3752
67.1242 4288
67.1242 4824
67.4074 3752
67.4074 4288
67.4074 4824
67.5962 3752
67.5962 4288
67.5962 4824
68.1738 4288
68.1738 4824
68.729 3752
68.729 4288
68.729 4824
68.729 5360
68.9178 4288
68.9178 4824
68.9178 5360
69.1066 4288
69.1066 4824
69.1066 5360
69.3898 4288
69.3898 4824
69.3898 5360
70.0618 4824
70.0618 5360
70.5226 4288
70.5226 4824
70.5226 5360
70.7114 4288
70.7114 4824
70.7114 5360
70.9002 4288
70.9002 4824
70.9002 5360
71.089 4288
71.089 4824
71.089 5360
71.3834 4824
71.3834 5360
72.233 4824
72.233 5360
72.505 4288
72.505 4824
72.505 5360
72.505 5896
72.6938 4824
72.6938 5360
72.6938 5896
72.8826 4824
72.8826 5360
72.8826 5896
73.0714 4824
73.0714 5360
73.0714 5896
73.649 5360
73.649 5896
74.2154 5360
74.2154 5896
74.393 4824
74.393 5360
74.393 5896
74.6762 4824
74.6762 5360
74.6762 5896
74.865 4824
74.865 5360
74.865 5896
75.1594 5360
75.1594 5896
75.4314 4824
75.4314 5360
75.4314 5896
75.7258 5360
75.7258 5896
75.7258 6432
76.1866 5360
76.1866 5896
76.1866 6432
76.481 5896
76.481 6432
76.753 5360
76.753 5896
76.753 6432
77.0474 5896
77.0474 6432
77.225 5360
77.225 5888
77.4646 4816
77.6534 3744
77.9366 2672
78.1254 1600
78.3651 528
78.4578 0
