9.00928 1072
9.00928 1072
13.6898 1072
13.8986 1072
14.6615 1072
14.8703 1072
15.5277 1072
15.9274 1072
16.4575 1072
16.8767 1072
17.3236 1072
17.8372 1072
18.2372 1072
18.7034 1072
19.1754 1072
19.4698 1072
19.5695 1072
20.1359 1072
20.3412 1072
20.6356 1072
21.0964 1072
21.2852 1072
21.5684 1072
22.1348 1072
22.3236 1072
22.5124 1072
23.1732 1072
23.362 1072
23.5508 1072
23.8452 1072
24.306 1072
24.5892 1072
24.778 1072
25.1668 1072
25.5332 1072
25.8164 1072
26.0052 1072
26.2996 1072
26.6772 1072
26.8548 1072
27.138 1072
27.4212 1072
27.81 1072
28.082 1072
28.3652 1072
28.6484 1072
28.9316 1072
29.5092 1072
29.6868 1072
29.97 1072
30.1588 1072
30.442 1072
31.1972 1072
31.386 1072
31.5748 1072
31.9524 1072
32.2356 1072
32.9908 1072
33.1796 1072
33.3684 1072
33.746 1072
33.9348 1072
34.7844 1072
34.9732 1072
35.162 1072
35.634 1072
35.8228 1072
36.4004 1072
36.6724 1072
36.8612 1072
37.05 1072
37.522 1072
37.8164 1072
38.0996 1072
38.3828 1072
38.5604 1072
38.8436 1072
39.0324 1072
39.41 1072
39.882 1072
40.1764 1072
40.354 1072
40.826 1072
41.1204 1072
41.3924 1072
41.77 1072
42.0644 1072
42.3364 1072
42.714 1072
43.0084 1072
43.2804 1072
43.5748 1072
43.7524 1072
44.2244 1072
44.5188 1072
44.6964 1072
45.1684 1072
45.4628 1072
45.7348 1072
46.209 1072
48.6333 1072
48.6612 1072
48.6612 1072
50.3716 1072
50.9546 1072
51.3434 1072
51.8207 1072
52.3151 1072
52.6868 1072
53.3588 1072
53.642 1072
54.3194 1072
54.6026 1072
55.2799 1072
55.4687 1072
55.7631 1072
56.2404 1072
56.4292 1072
56.7348 1072
57.1178 1072
57.401 1072
57.6842 1072
58.1562 1072
58.4394 1072
58.6282 1072
59.289 1072
59.4778 1072
59.761 1072
60.0554 1072
60.5162 1072
60.705 1072
60.8938 1072
61.4714 1072
61.7434 1072
62.0266 1072
62.2154 1072
62.5098 1072
62.9818 1072
63.1594 1072
63.4426 1072
63.6314 1072
64.0202 1072
64.5754 1072
64.7642 1072
64.953 1072
65.2362 1072
65.7194 1072
66.0858 1072
66.369 1072
66.5578 1072
66.841 1072
67.513 1072
67.785 1072
68.0682 1072
68.257 1072
68.4458 1072
68.7402 1072
69.401 1072
69.5786 1072
69.7674 1072
70.0506 1072
70.2394 1072
70.6282 1072
71.3722 1072
71.561 1072
71.7498 1072
71.9386 1072
72.2218 1072
72.6106 1072
73.2602 1072
73.5434 1072
73.7322 1072
73.921 1072
74.2042 1072
74.7818 1072
75.1482 1072
75.537 1072
75.7146 1072
76.0943 1072
