9.48341 1072
9.48341 1072
15.4969 1072
15.8218 1072
15.8218 1072
16.8879 1072
17.1823 1072
17.9428 1072
18.0484 1072
18.8922 1072
19.1866 1072
19.7583 1072
20.0415 1072
20.6244 1072
20.9076 1072
21.6628 1072
21.8516 1072
22.146 1072
22.7012 1072
22.89 1072
23.2788 1072
23.834 1072
24.0228 1072
24.3172 1072
24.6004 1072
25.0612 1072
25.25 1072
25.6388 1072
25.922 1072
26.2884 1072
26.5716 1072
26.866 1072
27.1492 1072
27.4324 1072
27.7044 1072
27.8932 1072
28.3764 1072
28.754 1072
29.026 1072
29.2148 1072
29.498 1072
30.0756 1072
30.4532 1072
30.6308 1072
30.8196 1072
31.1028 1072
31.7636 1072
32.33 1072
32.5188 1072
32.7076 1072
33.002 1072
33.5572 1072
34.1236 1072
34.3124 1072
34.5012 1072
34.89 1072
35.3508 1072
35.6452 1072
36.0116 1072
36.2948 1072
36.4836 1072
37.2388 1072
37.5332 1072
37.8052 1072
38.0884 1072
38.3716 1072
38.9492 1072
39.2212 1072
39.5988 1072
39.8932 1072
40.1652 1072
40.5428 1072
40.8372 1072
41.1092 1072
41.4036 1072
41.5812 1072
42.0532 1072
42.3476 1072
42.5252 1072
42.9972 1072
43.2916 1072
43.5636 1072
43.9412 1072
44.2356 1072
44.5076 1072
44.8852 1072
45.1796 1072
45.4516 1072
45.746 1072
45.9236 1072
46.3956 1072
46.69 1072
46.8676 1072
47.3396 1072
47.634 1072
47.906 1072
48.3802 1072
50.5679 1072
51.434 1072
52.3039 1072
53.2644 1072
53.6532 1072
54.1306 1072
54.7082 1072
54.9967 1072
55.2911 1072
55.7717 1072
56.0628 1072
56.346 1072
56.7236 1072
56.929 1072
57.4122 1072
57.7786 1072
57.9674 1072
58.545 1072
58.817 1072
59.0058 1072
59.3002 1072
59.8666 1072
60.0442 1072
60.233 1072
60.6218 1072
61.0826 1072
61.3658 1072
61.5546 1072
62.0378 1072
62.4986 1072
62.6874 1072
62.9706 1072
63.5482 1072
63.9146 1072
64.1034 1072
64.2922 1072
64.681 1072
65.2474 1072
65.425 1072
65.7082 1072
65.897 1072
66.3802 1072
66.9354 1072
67.1242 1072
67.4074 1072
67.5962 1072
68.1738 1072
68.729 1072
68.9178 1072
69.1066 1072
69.3898 1072
70.0618 1072
70.5226 1072
70.7114 1072
70.9002 1072
71.089 1072
71.3834 1072
72.233 1072
72.505 1072
72.6938 1072
72.8826 1072
73.0714 1072
73.649 1072
74.2154 1072
74.393 1072
74.6762 1072
74.865 1072
75.1594 1072
75.4314 1072
75.7258 1072
76.1866 1072
76.481 1072
76.753 1072
77.0474 1072
77.225 1072
77.4646 1072
77.6534 1072
77.9366 1072
78.1254 1072
78.3651 1072
