2.56021 1072
38.5248 1072
39.4853 1072
40.3514 1072
41.2176 1072
42.1781 1072
42.4725 1072
43.1386 1072
43.4442 1072
44.0048 1072
44.288 1072
44.8821 1072
45.1541 1072
45.8426 1072
46.0314 1072
46.3258 1072
46.7088 1072
46.992 1072
47.3808 1072
47.7472 1072
48.0304 1072
48.3248 1072
48.608 1072
48.88 1072
49.0688 1072
49.6464 1072
49.9184 1072
50.1072 1072
50.3904 1072
51.0624 1072
51.24 1072
51.4288 1072
51.712 1072
52.5616 1072
52.7504 1072
52.9392 1072
53.128 1072
54.072 1072
54.2608 1072
54.4496 1072
54.6384 1072
55.6768 1072
55.8656 1072
56.0544 1072
56.2432 1072
56.5376 1072
57.376 1072
57.5648 1072
57.7536 1072
57.9424 1072
58.3312 1072
59.0752 1072
59.3584 1072
59.5472 1072
59.736 1072
60.0304 1072
60.3136 1072
60.9632 1072
61.2464 1072
61.4352 1072
61.624 1072
62.0128 1072
62.296 1072
62.8512 1072
63.1344 1072
63.4176 1072
63.6064 1072
63.9008 1072
64.184 1072
64.4672 1072
64.928 1072
65.2112 1072
65.4944 1072
65.6832 1072
66.072 1072
66.4496 1072
66.7328 1072
67.0048 1072
67.288 1072
67.5712 1072
67.8544 1072
68.1488 1072
68.432 1072
68.8096 1072
69.0816 1072
69.3648 1072
69.648 1072
69.9424 1072
70.12 1072
70.6032 1072
70.8864 1072
71.264 1072
71.4416 1072
71.6304 1072
71.9136 1072
72.2912 1072
72.5744 1072
73.152 1072
73.4352 1072
73.7072 1072
74.0848 1072
74.2736 1072
74.6624 1072
74.84 1072
75.1232 1072
75.6896 1072
76.1728 1072
76.3504 1072
76.728 1072
76.9168 1072
77.2944 1072
77.5776 1072
77.872 1072
78.3328 1072
78.9104 1072
79.088 1072
79.4656 1072
79.6544 1072
80.032 1072
80.3152 1072
80.6928 1072
81.0704 1072
81.8256 1072
82.12 1072
82.2976 1072
82.4864 1072
82.864 1072
83.0528 1072
83.4304 1072
83.9024 1072
84.752 1072
85.1296 1072
85.3184 1072
85.6128 1072
85.7904 1072
85.9792 1072
86.3568 1072
86.6512 1072
86.7661 1072
86.9549 1072
87.06 1072
