2.52093 1072
38.4304 1072
39.2965 1072
40.1626 1072
41.0288 1072
41.8949 1072
42.1893 1072
42.761 1072
43.2442 1072
43.6272 1072
43.9216 1072
44.3936 1072
44.4933 1072
44.8933 1072
45.3429 1072
45.5317 1072
45.9482 1072
46.3146 1072
46.5034 1072
47.0032 1072
47.2752 1072
47.464 1072
47.7584 1072
48.136 1072
48.3136 1072
48.5968 1072
48.9856 1072
49.2576 1072
49.5408 1072
49.824 1072
50.4016 1072
50.5792 1072
50.768 1072
51.0512 1072
51.8064 1072
51.9952 1072
52.184 1072
52.4672 1072
53.3168 1072
53.5056 1072
53.6944 1072
53.8832 1072
54.8272 1072
55.016 1072
55.2048 1072
55.3936 1072
55.688 1072
56.5264 1072
56.7152 1072
56.904 1072
57.0928 1072
57.4816 1072
58.2256 1072
58.4144 1072
58.6032 1072
58.792 1072
59.0864 1072
59.3696 1072
60.0192 1072
60.3024 1072
60.4912 1072
60.68 1072
61.0688 1072
61.352 1072
61.9072 1072
62.1904 1072
62.3792 1072
62.568 1072
62.8624 1072
63.1456 1072
63.4288 1072
63.8896 1072
64.1728 1072
64.456 1072
64.6448 1072
65.0336 1072
65.3168 1072
65.6 1072
65.9664 1072
66.1552 1072
66.4384 1072
66.7216 1072
67.016 1072
67.2992 1072
67.6768 1072
67.96 1072
68.1376 1072
68.4208 1072
68.704 1072
68.9872 1072
69.376 1072
69.6592 1072
69.9312 1072
70.3088 1072
70.592 1072
70.8752 1072
71.1584 1072
71.4528 1072
71.9248 1072
72.1968 1072
72.5856 1072
72.7632 1072
73.0464 1072
73.3296 1072
73.5184 1072
73.9904 1072
74.5568 1072
74.8512 1072
75.2176 1072
75.4064 1072
75.7008 1072
75.8784 1072
76.1616 1072
76.5392 1072
77.1056 1072
77.5888 1072
77.8608 1072
78.0496 1072
78.4272 1072
78.616 1072
78.8992 1072
79.2768 1072
79.8432 1072
80.4096 1072
80.7872 1072
81.0816 1072
81.2592 1072
81.448 1072
81.7312 1072
82.1088 1072
82.6752 1072
83.2416 1072
83.6192 1072
83.9968 1072
84.1856 1072
84.3744 1072
84.5632 1072
85.0352 1072
85.6016 1072
86.168 1072
86.5564 1072
