0.630933 536
2.52093 0
2.52093 536
2.70249 0
2.70249 536
4.59249 0
4.59249 536
8.13641 0
8.13641 536
10.0264 0
10.0264 536
13.5438 0
13.5438 536
15.4338 0
15.4338 536
18.9511 0
18.9511 536
20.8411 0
20.8411 536
24.3585 0
24.3585 536
26.2485 0
26.2485 536
29.7658 0
29.7658 536
31.6558 0
31.6558 536
35.1732 0
35.1732 536
37.0632 0
37.0632 536
37.4586 0
37.4586 536
38.4304 0
38.4304 536
38.4304 1072
39.2965 0
39.2965 536
39.2965 1072
40.1626 0
40.1626 536
40.1626 1072
41.0288 0
41.0288 536
41.0288 1072
41.0288 1608
41.8949 536
41.8949 1072
41.8949 1608
42.1893 1072
42.1893 1608
42.761 536
42.761 1072
42.761 1608
42.761 2144
43.2442 1608
43.2442 2144
43.6272 1072
43.6272 1608
43.6272 2144
43.9216 1608
43.9216 2144
44.3936 1608
44.3936 2144
44.4933 1072
44.4933 1608
44.4933 2144
44.4933 2680
44.8933 2144
44.8933 2680
45.3429 1608
45.3429 2144
45.3429 2680
45.5317 1608
45.5317 2144
45.5317 2680
45.9482 2144
45.9482 2680
46.3146 1608
46.3146 2144
46.3146 2680
46.3146 3216
46.5034 2144
46.5034 2680
46.5034 3216
47.0032 2680
47.0032 3216
47.2752 2144
47.2752 2680
47.2752 3216
47.464 2144
47.464 2680
47.464 3216
47.7584 2680
47.7584 3216
48.136 2680
48.136 3216
48.136 3752
48.3136 2680
48.3136 3216
48.3136 3752
48.5968 2680
48.5968 3216
48.5968 3752
48.9856 3216
48.9856 3752
49.2576 2680
49.2576 3216
49.2576 3752
49.5408 2680
49.5408 3216
49.5408 3752
49.824 2680
49.824 3216
49.824 3752
50.4016 3216
50.4016 3752
50.5792 2680
50.5792 3216
50.5792 3752
50.5792 4288
50.768 3216
50.768 3752
50.768 4288
51.0512 3216
51.0512 3752
51.0512 4288
51.8064 3216
51.8064 3752
51.8064 4288
51.9952 3216
51.9952 3752
51.9952 4288
52.184 3216
52.184 3752
52.184 4288
52.4672 3216
52.4672 3752
52.4672 4288
53.3168 3216
53.3168 3752
53.3168 4288
53.5056 3216
53.5056 3752
53.5056 4288
53.5056 4824
53.6944 3752
53.6944 4288
53.6944 4824
53.8832 3752
53.8832 4288
53.8832 4824
54.8272 3752
54.8272 4288
54.8272 4824
55.016 3752
55.016 4288
55.016 4824
55.2048 3752
55.2048 4288
55.2048 4824
55.3936 3752
55.3936 4288
55.3936 4824
55.688 4288
55.688 4824
56.5264 3752
56.5264 4288
56.5264 4824
56.7152 3752
56.7152 4288
56.7152 4824
56.904 3752
56.904 4288
56.904 4824
56.904 5360
57.0928 4288
57.0928 4824
57.0928 5360
57.4816 4824
57.4816 5360
58.2256 4288
58.2256 4824
58.2256 5360
58.4144 4288
58.4144 4824
58.4144 5360
58.6032 4288
58.6032 4824
58.6032 5360
58.792 4288
58.792 4824
58.792 5360
59.0864 4824
59.0864 5360
59.3696 4824
59.3696 5360
60.0192 4288
60.0192 4824
60.0192 5360
60.3024 4288
60.3024 4824
60.3024 5360
60.4912 4288
60.4912 4824
60.4912 5360
60.4912 5896
60.68 4824
60.68 5360
60.68 5896
61.0688 5360
61.0688 5896
61.352 5360
61.352 5896
61.9072 4824
61.9072 5360
61.9072 5896
62.1904 4824
62.1904 5360
62.1904 5896
62.3792 4824
62.3792 5360
62.3792 5896
62.568 4824
62.568 5360
62.568 5896
62.8624 5360
62.8624 5896
63.1456 5360
63.1456 5896
63.4288 5360
63.4288 5896
63.8896 4824
63.8896 5360
63.8896 5896
63.8896 6432
64.1728 5360
64.1728 5896
64.1728 6432
64.456 5360
64.456 5896
64.456 6432
64.6448 5360
64.6448 5896
64.6448 6432
65.0336 5896
65.0336 6432
65.3168 5896
65.3168 6432
65.6 5896
65.6 6432
65.9664 5360
65.9664 5896
65.9664 6432
66.1552 5360
66.1552 5896
66.1552 6432
66.4384 5360
66.4384 5896
66.4384 6432
66.7216 5360
66.7216 5896
66.7216 6432
67.016 5896
67.016 6432
67.2992 5896
67.2992 6432
67.6768 5896
67.6768 6432
67.6768 6968
67.96 6432
67.96 6968
68.1376 5896
68.1376 6432
68.1376 6968
68.4208 5896
68.4208 6432
68.4208 6968
68.704 5896
68.704 6432
68.704 6968
68.9872 5896
68.9872 6432
68.9872 6968
69.376 6432
69.376 6968
69.6592 6432
69.6592 6968
69.9312 5896
69.9312 6432
69.9312 6968
70.3088 5896
70.3088 6432
70.3088 6968
70.592 5896
70.592 6432
70.592 6968
70.8752 5896
70.8752 6432
70.8752 6968
71.1584 5896
71.1584 6432
71.1584 6968
71.4528 6432
71.4528 6968
71.4528 7504
71.9248 6968
71.9248 7504
72.1968 6432
72.1968 6968
72.1968 7504
72.5856 6968
72.5856 7504
72.7632 6432
72.7632 6968
72.7632 7504
73.0464 6432
73.0464 6968
73.0464 7504
73.3296 6432
73.3296 6968
73.3296 7504
73.5184 6432
73.5184 6968
73.5184 7504
73.9904 6432
73.9904 6968
73.9904 7504
74.5568 6432
74.5568 6968
74.5568 7504
74.8512 6968
74.8512 7504
75.2176 6432
75.2176 6968
75.2176 7504
75.4064 6432
75.4064 6968
75.4064 7504
75.7008 6968
75.7008 7504
75.8784 6432
75.8784 6968
75.8784 7504
76.1616 6432
76.1616 6968
76.1616 7504
76.1616 8040
76.5392 6968
76.5392 7504
76.5392 8040
77.1056 6968
77.1056 7504
77.1056 8040
77.5888 7504
77.5888 8040
77.8608 6968
77.8608 7504
77.8608 8040
78.0496 6968
78.0496 7504
78.0496 8040
78.4272 6968
78.4272 7504
78.4272 8040
78.616 6968
78.616 7504
78.616 8040
78.8992 6968
78.8992 7504
78.8992 8040
79.2768 6968
79.2768 7504
79.2768 8040
79.8432 6968
79.8432 7504
79.8432 8040
80.4096 6968
80.4096 7504
80.4096 8040
80.7872 6968
80.7872 7504
80.7872 8040
81.0816 7504
81.0816 8040
81.2592 6968
81.2592 7504
81.2592 8040
81.448 6968
81.448 7504
81.448 8040
81.7312 6968
81.7312 7504
81.7312 8040
81.7312 8576
82.1088 7504
82.1088 8040
82.1088 8576
82.6752 7504
82.6752 8040
82.6752 8576
83.2416 7504
83.2416 8040
83.2416 8576
83.6192 7504
83.6192 8040
83.6192 8184
83.9968 7112
84.1856 6040
84.3744 4968
84.5632 3896
85.0352 2824
85.6016 1752
86.168 680
86.5564 0
