0.630933 536
2.26025 0
2.26025 536
2.26025 1072
4.02633 0
4.02633 536
4.02633 1072
4.02633 1608
5.79145 536
5.79145 1072
5.79145 1608
5.79145 2144
6.08585 1608
6.08585 2144
6.08585 2680
7.57193 1608
7.57193 2144
7.57193 2680
7.57193 3216
7.86633 2680
7.86633 3216
7.86633 3752
8.13833 2680
8.13833 3216
8.13833 3752
8.13833 4288
9.38313 3216
9.38313 3752
9.38313 4288
9.38313 4824
9.67753 4288
9.67753 4824
9.67753 5360
10.0362 4288
10.0362 4824
10.0362 5360
10.0362 5896
10.3306 5360
10.3306 5896
10.3306 6432
10.8628 5360
10.8628 5896
10.8628 6432
10.8628 6968
11.5006 5896
11.5006 6432
11.5006 6968
11.5006 7504
11.795 6968
11.795 7504
11.795 8040
12.3271 6968
12.3271 7504
12.3271 8040
12.3271 8576
12.8726 8040
12.8726 8576
12.967 8040
12.967 8576
13.0636 7504
13.0636 8040
13.6146 7504
13.709 5896
14.2545 5360
14.3489 4824
14.4433 3752
15.081 2680
15.081 3216
15.081 3752
15.1754 2680
15.1754 3216
15.1754 3752
15.7188 3216
15.7188 3752
15.8132 3216
15.8132 3752
15.9076 3216
15.9076 3752
16.8055 3216
16.8055 3752
16.8999 3216
16.8999 3752
16.9922 3216
16.9922 3752
17.5411 3216
17.5411 3752
17.6334 3216
17.6334 3752
17.9278 3216
17.9278 3752
18.6599 3216
18.6599 3752
19.1921 2680
19.1921 3216
19.1921 3752
20.0375 3216
20.0375 3752
20.4753 2680
20.4753 3216
20.4753 3752
20.7697 3216
20.7697 3752
21.3018 2680
21.3018 3216
21.3018 3752
21.9396 2680
21.9396 3216
21.9396 3752
21.9396 4288
22.3172 3216
22.3172 3752
22.3172 4288
22.9738 3752
22.9738 4288
23.3172 3216
23.3172 3752
23.3172 4288
23.7815 3216
23.7815 3752
23.7815 4288
24.0759 3752
24.0759 4288
24.5214 3216
24.5214 3752
24.5214 4288
24.9102 3752
24.9102 4288
25.3479 3216
25.3479 3752
25.3479 4288
25.3479 4824
25.9857 3752
25.9857 4288
25.9857 4824
26.2801 4288
26.2801 4824
26.7255 3752
26.7255 4288
26.7255 4824
27.3633 3752
27.3633 4288
27.3633 4824
27.6577 4288
27.6577 4824
28.1898 3752
28.1898 4288
28.1898 4824
28.8276 3752
28.8276 4288
28.8276 4824
29.122 4288
29.122 4824
29.5674 3752
29.5674 4288
29.5674 4824
30.2052 3752
30.2052 4288
30.2052 4824
30.2052 5360
30.4996 4824
30.4996 5360
31.0318 4288
31.0318 4824
31.0318 5360
31.7639 4288
31.7639 4824
31.7639 5360
32.0583 4824
32.0583 5360
32.4961 4288
32.4961 4824
32.4961 5360
32.7905 4824
32.7905 5360
33.2359 4288
33.2359 4824
33.2359 5360
33.7002 4288
33.7002 4824
33.7002 5360
33.9946 4824
33.9946 5360
34.2666 4288
34.2666 4824
34.2666 5360
34.6554 4824
34.6554 5360
34.6554 5896
34.833 4824
34.833 5360
34.833 5896
35.1162 4824
35.1162 5360
35.1162 5896
35.4938 4824
35.4938 5360
35.4938 5896
35.9658 4824
35.9658 5360
35.9658 5896
36.1546 4824
36.1546 5360
36.1546 5896
36.3434 4824
36.3434 5360
36.3434 5896
36.5322 4824
36.5322 5360
36.5322 5896
36.8154 4824
36.8154 5360
36.8154 5896
37.1098 5360
37.1098 5896
37.3818 4824
37.3818 5360
37.3818 5896
37.5706 4824
37.5706 5360
37.5706 5896
37.5706 6432
37.7594 5360
37.7594 5896
37.7594 6432
37.9482 5360
37.9482 5896
37.9482 6432
38.137 5360
38.137 5896
38.137 6432
38.609 5360
38.609 5896
38.609 6432
38.8922 5360
38.8922 5896
38.8922 6432
39.081 5360
39.081 5896
39.081 6432
39.2698 5360
39.2698 5896
39.2698 6432
39.4586 5360
39.4586 5896
39.4586 6432
39.6474 5360
39.6474 5896
39.6474 6432
40.025 5360
40.025 5896
40.025 6432
40.497 5360
40.497 5896
40.497 6432
40.6858 5360
40.6858 5896
40.6858 6432
40.8746 5360
40.8746 5896
40.8746 6432
40.8746 6968
41.0634 5896
41.0634 6432
41.0634 6968
41.2522 5896
41.2522 6432
41.2522 6968
41.6298 5896
41.6298 6432
41.6298 6968
42.1018 5896
42.1018 6432
42.1018 6968
42.2906 5896
42.2906 6432
42.2906 6968
42.4794 5896
42.4794 6432
42.4794 6968
42.6682 5896
42.6682 6432
42.6682 6968
42.857 5896
42.857 6432
42.857 6968
43.1514 6432
43.1514 6968
43.329 5896
43.329 6432
43.329 6968
43.801 5896
43.801 6432
43.801 6968
44.0842 5896
44.0842 6432
44.0842 6968
44.273 5896
44.273 6432
44.273 6968
44.273 7504
44.4618 6432
44.4618 6968
44.4618 7504
44.6506 6432
44.6506 6968
44.6506 7504
45.0282 6432
45.0282 6968
45.0282 7504
45.3226 6968
45.3226 7504
45.5946 6432
45.5946 6968
45.5946 7504
45.8778 6432
45.8778 6968
45.8778 7504
46.0666 6432
46.0666 6968
46.0666 7504
46.2554 6432
46.2554 6968
46.2554 7504
46.4442 6432
46.4442 6968
46.4442 7504
46.7386 6968
46.7386 7504
46.9162 6432
46.9162 6968
46.9162 7504
47.3882 6432
47.3882 6968
47.3882 7504
47.6714 6432
47.6714 6968
47.6714 7504
47.9546 6432
47.9546 6968
47.9546 7504
48.1434 6432
48.1434 6968
48.1434 7504
48.1434 8040
48.3322 6968
48.3322 7504
48.3322 8040
48.6266 7504
48.6266 8040
48.8042 6968
48.8042 7504
48.8042 8040
49.2762 6968
49.2762 7504
49.2762 8040
49.465 6968
49.465 7504
49.465 8040
49.8426 6968
49.8426 7504
49.8426 8040
50.0314 6968
50.0314 7504
50.0314 8040
50.2202 6968
50.2202 7504
50.2202 8040
50.5146 7504
50.5146 8040
50.7866 6968
50.7866 7504
50.7866 8040
51.2608 6968
51.2608 7504
51.2608 8040
51.3552 7504
51.3552 8040
51.6384 6968
51.6384 7504
51.7328 6968
51.8272 6432
51.9216 5896
52.016 5360
52.1104 4824
52.2048 4288
52.488 3752
52.6768 3216
52.7712 2680
52.7712 3216
53.0544 2680
53.0544 3216
53.1488 2680
53.1488 3216
53.5264 2680
53.5264 3216
53.6208 2680
53.6208 3216
53.713 2680
53.713 3216
54.2906 2680
54.2906 3216
54.5626 2144
54.5626 2680
54.5626 3216
54.9402 2144
54.9402 2680
54.9402 3216
55.329 2680
55.329 3216
55.329 3752
55.801 3216
55.801 3752
55.9786 2680
55.9786 3216
55.9786 3752
56.3562 2680
56.3562 3216
56.3562 3752
56.8282 2680
56.8282 3216
56.8282 3752
57.3946 2680
57.3946 3216
57.3946 3752
57.7834 3216
57.7834 3752
57.961 2680
57.961 3216
57.961 3752
57.961 4288
58.433 3216
58.433 3752
58.433 4288
58.9994 3216
58.9994 3752
58.9994 4288
59.377 3216
59.377 3752
59.377 4288
59.6602 3216
59.6602 3752
59.6602 4288
60.1322 3216
60.1322 3752
60.1322 4288
60.793 3216
60.793 3752
60.793 4288
61.1706 3216
61.1706 3752
61.1706 4288
61.4538 3216
61.4538 3752
61.4538 4288
61.9258 3216
61.9258 3752
61.9258 4288
61.9258 4824
62.4922 3752
62.4922 4288
62.4922 4824
62.9754 4288
62.9754 4824
63.153 3752
63.153 4288
63.153 4824
63.4474 4288
63.4474 4824
63.8138 3752
63.8138 4288
63.8138 4824
64.1082 4288
64.1082 4824
64.3802 3752
64.3802 4288
64.3802 4824
64.9466 3752
64.9466 4288
64.9466 4824
65.241 4288
65.241 4824
65.241 5360
65.5242 4824
65.5242 5360
65.7018 4288
65.7018 4824
65.7018 5360
66.0906 4824
66.0906 5360
66.2682 4288
66.2682 4824
66.2682 5360
66.8346 4288
66.8346 4824
66.8346 5360
67.2234 4824
67.2234 5360
67.401 4288
67.401 4824
67.401 5360
67.6954 4824
67.6954 5360
67.9674 4288
67.9674 4824
67.9674 5360
68.4394 4288
68.4394 4824
68.4394 5360
68.7226 4288
68.7226 4824
68.7226 5360
68.7226 5896
69.2058 5360
69.2058 5896
69.3834 4824
69.3834 5360
69.3834 5896
69.761 4824
69.761 5360
69.761 5896
70.0554 5360
70.0554 5896
70.3274 4824
70.3274 5360
70.3274 5896
70.705 4824
70.705 5360
70.705 5752
70.9994 5216
71.2714 4144
71.649 3072
71.9443 2536
72.2154 1464
72.6874 392
72.7511 0
